HEAPSORT BELOW

Array 1: ORIGINAL ARRAY [1687, 909, 326, 1593, 991, 641, 473, 1461, 468, 1383, ] AFTER HEAPSORT -> [1687, 991, 1461, 1593, 909, 641, 473, 326, 468, 1383, ]

Array 2: ORIGINAL ARRAY [981, 795, 1083, 1147, 1994, 1041, 291, 900, 849, 1359, ] AFTER HEAPSORT -> [1994, 1041, 1359, 1147, 795, 981, 291, 900, 849, 1083, ]

Array 3: ORIGINAL ARRAY [600, 1313, 1428, 198, 1777, 333, 488, 1849, 769, 1661, ] AFTER HEAPSORT -> [1849, 1777, 1661, 198, 1313, 333, 488, 1428, 769, 600, ]

Array 4: ORIGINAL ARRAY [379, 954, 1253, 1781, 1946, 1247, 109, 720, 285, 1166, ] AFTER HEAPSORT -> [1946, 1247, 1253, 1781, 954, 379, 109, 720, 285, 1166, ]

Array 5: ORIGINAL ARRAY [1019, 1381, 1505, 404, 1938, 22, 697, 1935, 1212, 159, ] AFTER HEAPSORT -> [1938, 1381, 1935, 404, 1019, 22, 697, 1505, 1212, 159, ]

Array 6: ORIGINAL ARRAY [1879, 1630, 762, 78, 1864, 157, 1951, 1956, 1713, 1551, ] AFTER HEAPSORT -> [1956, 1951, 1879, 78, 1864, 157, 1630, 762, 1713, 1551, ]

Array 7: ORIGINAL ARRAY [474, 617, 1712, 1590, 958, 1914, 677, 860, 1819, 830, ] AFTER HEAPSORT -> [1914, 958, 1819, 1590, 474, 617, 677, 860, 1712, 830, ]

Array 8: ORIGINAL ARRAY [1766, 330, 355, 1545, 990, 1105, 1076, 1885, 1102, 1067, ] AFTER HEAPSORT -> [1885, 1105, 1766, 1545, 990, 330, 1076, 355, 1102, 1067, ]

Array 9: ORIGINAL ARRAY [828, 884, 687, 1140, 382, 470, 1889, 1016, 1864, 730, ] AFTER HEAPSORT -> [1889, 884, 1864, 1140, 382, 470, 828, 1016, 687, 730, ]

Array 10: ORIGINAL ARRAY [460, 379, 663, 615, 598, 891, 1232, 498, 372, 471, ] AFTER HEAPSORT -> [1232, 891, 663, 615, 598, 460, 379, 498, 372, 471, ]

Array 11: ORIGINAL ARRAY [613, 1565, 1445, 827, 1437, 1665, 1295, 1548, 1653, 1942, ] AFTER HEAPSORT -> [1942, 1665, 1653, 827, 1437, 1565, 1295, 1548, 613, 1445, ]

Array 12: ORIGINAL ARRAY [1137, 1609, 1309, 1349, 365, 1662, 1335, 974, 494, 101, ] AFTER HEAPSORT -> [1662, 1609, 1309, 1349, 365, 1137, 1335, 974, 494, 101, ]

Array 13: ORIGINAL ARRAY [1453, 996, 282, 562, 125, 37, 1018, 269, 723, 1714, ] AFTER HEAPSORT -> [1714, 1018, 1453, 562, 125, 37, 996, 269, 723, 282, ]

Array 14: ORIGINAL ARRAY [790, 1417, 1009, 263, 975, 1655, 1449, 233, 1135, 650, ] AFTER HEAPSORT -> [1655, 1449, 1135, 263, 975, 1417, 790, 233, 1009, 650, ]

Array 15: ORIGINAL ARRAY [1874, 494, 68, 1711, 1583, 23, 835, 487, 1101, 309, ] AFTER HEAPSORT -> [1874, 1583, 1101, 1711, 494, 23, 835, 487, 68, 309, ]

Array 16: ORIGINAL ARRAY [257, 863, 482, 561, 581, 1377, 1331, 1410, 817, 1681, ] AFTER HEAPSORT -> [1681, 1377, 1410, 561, 581, 863, 1331, 257, 817, 482, ]

Array 17: ORIGINAL ARRAY [1503, 266, 1582, 1895, 825, 1107, 185, 57, 1129, 1100, ] AFTER HEAPSORT -> [1895, 1107, 1582, 1503, 825, 266, 185, 57, 1129, 1100, ]

Array 18: ORIGINAL ARRAY [188, 283, 386, 164, 1677, 761, 792, 1352, 1096, 235, ] AFTER HEAPSORT -> [1677, 792, 1352, 164, 283, 761, 188, 386, 1096, 235, ]

Array 19: ORIGINAL ARRAY [277, 1769, 644, 247, 119, 1608, 966, 88, 78, 883, ] AFTER HEAPSORT -> [1769, 1608, 883, 247, 119, 277, 966, 88, 78, 644, ]

Array 20: ORIGINAL ARRAY [1132, 128, 774, 1412, 774, 1029, 942, 1718, 625, 1155, ] AFTER HEAPSORT -> [1718, 1029, 1155, 1412, 774, 128, 942, 774, 625, 1132, ]

Array 21: ORIGINAL ARRAY [597, 633, 1710, 464, 174, 1615, 1934, 127, 247, 41, ] AFTER HEAPSORT -> [1934, 1615, 1710, 464, 174, 597, 633, 127, 247, 41, ]

Array 22: ORIGINAL ARRAY [1949, 1172, 595, 75, 1803, 579, 1021, 104, 116, 1387, ] AFTER HEAPSORT -> [1949, 1803, 1387, 75, 1172, 579, 1021, 104, 116, 595, ]

Array 23: ORIGINAL ARRAY [1632, 190, 310, 662, 1070, 1499, 1756, 1432, 1573, 250, ] AFTER HEAPSORT -> [1756, 1632, 1573, 662, 1070, 1499, 190, 1432, 310, 250, ]

Array 24: ORIGINAL ARRAY [1618, 71, 1688, 1374, 1644, 1046, 945, 1773, 1171, 417, ] AFTER HEAPSORT -> [1773, 1644, 1688, 1374, 71, 1046, 945, 1618, 1171, 417, ]

Array 25: ORIGINAL ARRAY [1883, 1838, 1245, 27, 1442, 716, 869, 1935, 1906, 1705, ] AFTER HEAPSORT -> [1935, 1838, 1906, 27, 1442, 716, 869, 1245, 1883, 1705, ]

Array 26: ORIGINAL ARRAY [1143, 1334, 1369, 1125, 335, 1886, 964, 996, 768, 272, ] AFTER HEAPSORT -> [1886, 1334, 1369, 1125, 335, 1143, 964, 996, 768, 272, ]

Array 27: ORIGINAL ARRAY [1033, 988, 809, 554, 780, 199, 233, 1903, 30, 544, ] AFTER HEAPSORT -> [1903, 988, 1033, 554, 780, 199, 233, 809, 30, 544, ]

Array 28: ORIGINAL ARRAY [755, 1229, 1214, 816, 1610, 1299, 875, 1796, 756, 1023, ] AFTER HEAPSORT -> [1796, 1610, 1214, 816, 1229, 1299, 875, 755, 756, 1023, ]

Array 29: ORIGINAL ARRAY [643, 172, 1449, 1792, 1919, 512, 1753, 1951, 276, 27, ] AFTER HEAPSORT -> [1951, 1919, 1449, 1792, 172, 512, 1753, 643, 276, 27, ]

Array 30: ORIGINAL ARRAY [886, 837, 1001, 444, 1209, 114, 122, 976, 133, 1624, ] AFTER HEAPSORT -> [1624, 1209, 1001, 444, 837, 114, 122, 976, 133, 886, ]

Array 31: ORIGINAL ARRAY [1770, 36, 265, 1398, 789, 1158, 690, 1078, 1141, 381, ] AFTER HEAPSORT -> [1770, 1158, 1141, 1398, 789, 36, 690, 1078, 265, 381, ]

Array 32: ORIGINAL ARRAY [1463, 557, 1824, 269, 1093, 1372, 811, 1677, 1093, 1069, ] AFTER HEAPSORT -> [1824, 1372, 1677, 269, 1093, 557, 811, 1463, 1093, 1069, ]

Array 33: ORIGINAL ARRAY [1773, 405, 509, 597, 294, 1950, 750, 1641, 1670, 1722, ] AFTER HEAPSORT -> [1950, 1773, 1722, 597, 294, 405, 750, 1641, 1670, 509, ]

Array 34: ORIGINAL ARRAY [1018, 701, 1413, 284, 1163, 1756, 146, 1439, 1884, 1357, ] AFTER HEAPSORT -> [1884, 1756, 1439, 284, 1163, 701, 146, 1018, 1413, 1357, ]

Array 35: ORIGINAL ARRAY [692, 1344, 1867, 1135, 849, 1180, 1647, 870, 608, 416, ] AFTER HEAPSORT -> [1867, 1647, 870, 1135, 849, 1180, 1344, 692, 608, 416, ]

Array 36: ORIGINAL ARRAY [792, 502, 1376, 164, 344, 1771, 1131, 753, 331, 1534, ] AFTER HEAPSORT -> [1771, 1131, 1534, 164, 344, 502, 792, 753, 331, 1376, ]

Array 37: ORIGINAL ARRAY [1412, 262, 698, 1217, 1503, 1463, 967, 377, 266, 1411, ] AFTER HEAPSORT -> [1503, 1463, 1411, 1217, 262, 1412, 967, 377, 266, 698, ]

Array 38: ORIGINAL ARRAY [1579, 847, 705, 708, 25, 1616, 501, 411, 1559, 1205, ] AFTER HEAPSORT -> [1616, 1579, 1559, 708, 25, 847, 501, 411, 705, 1205, ]

Array 39: ORIGINAL ARRAY [1559, 1465, 1620, 74, 867, 592, 892, 390, 1901, 1616, ] AFTER HEAPSORT -> [1901, 1465, 1620, 74, 867, 592, 892, 390, 1559, 1616, ]

Array 40: ORIGINAL ARRAY [367, 330, 201, 386, 728, 1039, 775, 616, 1928, 332, ] AFTER HEAPSORT -> [1928, 1039, 616, 386, 728, 330, 775, 367, 201, 332, ]

Array 41: ORIGINAL ARRAY [531, 1283, 889, 290, 97, 1497, 1972, 1997, 34, 202, ] AFTER HEAPSORT -> [1997, 1972, 889, 290, 97, 1497, 1283, 531, 34, 202, ]

Array 42: ORIGINAL ARRAY [19, 1860, 733, 1476, 1602, 169, 1090, 1766, 439, 1863, ] AFTER HEAPSORT -> [1863, 1860, 1766, 1476, 1602, 169, 1090, 19, 439, 733, ]

Array 43: ORIGINAL ARRAY [429, 910, 1836, 1832, 1083, 510, 518, 503, 1546, 870, ] AFTER HEAPSORT -> [1836, 1083, 1546, 1832, 910, 510, 518, 503, 429, 870, ]

Array 44: ORIGINAL ARRAY [201, 1944, 176, 1507, 1888, 277, 1046, 78, 1018, 790, ] AFTER HEAPSORT -> [1944, 1888, 1018, 1507, 201, 277, 1046, 78, 176, 790, ]

Array 45: ORIGINAL ARRAY [746, 433, 1310, 1823, 1669, 483, 1442, 232, 1662, 584, ] AFTER HEAPSORT -> [1823, 1669, 1662, 746, 433, 483, 1442, 232, 1310, 584, ]

Array 46: ORIGINAL ARRAY [1534, 1039, 1748, 1209, 1832, 730, 1127, 833, 1946, 1605, ] AFTER HEAPSORT -> [1946, 1832, 1748, 1209, 1039, 730, 1127, 833, 1534, 1605, ]

Array 47: ORIGINAL ARRAY [1610, 1157, 1522, 1531, 248, 1059, 351, 1557, 1006, 1007, ] AFTER HEAPSORT -> [1610, 1157, 1557, 1531, 248, 1059, 351, 1522, 1006, 1007, ]

Array 48: ORIGINAL ARRAY [1551, 899, 59, 36, 1682, 1024, 513, 1874, 448, 1773, ] AFTER HEAPSORT -> [1874, 1682, 1773, 36, 899, 1024, 513, 59, 448, 1551, ]

Array 49: ORIGINAL ARRAY [1172, 1297, 1983, 773, 363, 387, 1611, 735, 1758, 993, ] AFTER HEAPSORT -> [1983, 1611, 1758, 773, 363, 387, 1297, 735, 1172, 993, ]

Array 50: ORIGINAL ARRAY [468, 1694, 628, 439, 1376, 669, 57, 226, 986, 1858, ] AFTER HEAPSORT -> [1858, 1694, 986, 439, 1376, 669, 57, 226, 468, 628, ]

Array 51: ORIGINAL ARRAY [1224, 375, 1332, 1996, 107, 896, 702, 274, 664, 861, ] AFTER HEAPSORT -> [1996, 896, 1332, 1224, 107, 375, 702, 274, 664, 861, ]

Array 52: ORIGINAL ARRAY [956, 1868, 1889, 546, 332, 990, 1019, 1213, 1139, 1201, ] AFTER HEAPSORT -> [1889, 1868, 1213, 546, 332, 990, 1019, 956, 1139, 1201, ]

Array 53: ORIGINAL ARRAY [1583, 228, 731, 1655, 1021, 423, 1680, 1936, 131, 1884, ] AFTER HEAPSORT -> [1936, 1680, 1884, 1655, 1021, 423, 228, 731, 131, 1583, ]

Array 54: ORIGINAL ARRAY [1172, 1194, 1759, 1654, 296, 1399, 806, 267, 1122, 1708, ] AFTER HEAPSORT -> [1759, 1399, 1708, 1654, 296, 1194, 806, 267, 1122, 1172, ]

Array 55: ORIGINAL ARRAY [1913, 1453, 1251, 1160, 967, 890, 1853, 251, 1968, 1450, ] AFTER HEAPSORT -> [1968, 1853, 1913, 1160, 967, 890, 1453, 251, 1251, 1450, ]

Array 56: ORIGINAL ARRAY [144, 254, 1725, 32, 683, 606, 1363, 786, 1946, 1166, ] AFTER HEAPSORT -> [1946, 1363, 1725, 32, 683, 606, 254, 786, 144, 1166, ]

Array 57: ORIGINAL ARRAY [1677, 1285, 1196, 1687, 1001, 43, 1849, 1450, 1440, 1675, ] AFTER HEAPSORT -> [1849, 1677, 1675, 1687, 1001, 43, 1285, 1450, 1440, 1196, ]

Array 58: ORIGINAL ARRAY [1241, 1720, 90, 1925, 995, 364, 151, 844, 1032, 1816, ] AFTER HEAPSORT -> [1925, 1720, 1816, 1241, 995, 364, 151, 844, 1032, 90, ]

Array 59: ORIGINAL ARRAY [741, 445, 1660, 418, 1651, 1316, 184, 1079, 274, 893, ] AFTER HEAPSORT -> [1660, 1651, 1079, 418, 445, 1316, 184, 741, 274, 893, ]

Array 60: ORIGINAL ARRAY [964, 204, 529, 339, 990, 1875, 1685, 1315, 669, 1387, ] AFTER HEAPSORT -> [1875, 1685, 1387, 339, 990, 204, 964, 1315, 669, 529, ]

Array 61: ORIGINAL ARRAY [741, 328, 1759, 406, 1205, 787, 1148, 1264, 1979, 1409, ] AFTER HEAPSORT -> [1979, 1205, 1759, 406, 328, 787, 1148, 1264, 741, 1409, ]

Array 62: ORIGINAL ARRAY [553, 207, 409, 230, 83, 745, 1500, 64, 120, 717, ] AFTER HEAPSORT -> [1500, 745, 717, 230, 83, 553, 207, 64, 120, 409, ]

Array 63: ORIGINAL ARRAY [814, 19, 971, 152, 1606, 396, 1363, 1532, 1413, 1157, ] AFTER HEAPSORT -> [1606, 1363, 1532, 152, 19, 396, 814, 971, 1413, 1157, ]

Array 64: ORIGINAL ARRAY [1003, 1729, 1468, 1026, 1147, 1501, 88, 1259, 392, 222, ] AFTER HEAPSORT -> [1729, 1501, 1468, 1026, 1147, 1003, 88, 1259, 392, 222, ]

Array 65: ORIGINAL ARRAY [491, 1107, 787, 276, 355, 1112, 1712, 1435, 919, 1490, ] AFTER HEAPSORT -> [1712, 1112, 1490, 276, 355, 491, 1107, 1435, 919, 787, ]

Array 66: ORIGINAL ARRAY [11, 459, 1370, 69, 325, 1127, 1868, 1533, 1742, 979, ] AFTER HEAPSORT -> [1868, 1127, 1742, 69, 325, 11, 459, 1533, 1370, 979, ]

Array 67: ORIGINAL ARRAY [1665, 1023, 1467, 1145, 1484, 565, 1503, 822, 1536, 237, ] AFTER HEAPSORT -> [1665, 1503, 1536, 1145, 1484, 565, 1023, 822, 1467, 237, ]

Array 68: ORIGINAL ARRAY [57, 173, 430, 1512, 1776, 766, 1541, 1777, 1803, 973, ] AFTER HEAPSORT -> [1803, 1776, 1777, 1512, 173, 766, 1541, 57, 430, 973, ]

Array 69: ORIGINAL ARRAY [388, 701, 122, 1232, 1057, 801, 682, 510, 1769, 333, ] AFTER HEAPSORT -> [1769, 1057, 510, 1232, 701, 801, 682, 388, 122, 333, ]

Array 70: ORIGINAL ARRAY [407, 897, 1326, 476, 344, 1837, 1341, 648, 916, 1201, ] AFTER HEAPSORT -> [1837, 1341, 1326, 476, 344, 897, 407, 648, 916, 1201, ]

Array 71: ORIGINAL ARRAY [1949, 1769, 1540, 1130, 950, 1287, 1720, 378, 273, 1877, ] AFTER HEAPSORT -> [1949, 1769, 1877, 1130, 950, 1287, 1720, 378, 273, 1540, ]

Array 72: ORIGINAL ARRAY [117, 1747, 1049, 1850, 81, 1137, 1601, 1542, 665, 1697, ] AFTER HEAPSORT -> [1850, 1747, 1697, 117, 81, 1137, 1601, 1542, 665, 1049, ]

Array 73: ORIGINAL ARRAY [1215, 169, 1226, 647, 692, 33, 1383, 1413, 360, 1294, ] AFTER HEAPSORT -> [1413, 1383, 1294, 647, 692, 33, 169, 1226, 360, 1215, ]

Array 74: ORIGINAL ARRAY [324, 1933, 1483, 1020, 236, 1187, 1822, 714, 1967, 333, ] AFTER HEAPSORT -> [1967, 1933, 1483, 1020, 236, 1187, 1822, 714, 324, 333, ]

Array 75: ORIGINAL ARRAY [474, 1129, 966, 178, 1043, 1798, 1980, 1142, 1741, 1414, ] AFTER HEAPSORT -> [1980, 1798, 1741, 178, 1043, 474, 1129, 1142, 966, 1414, ]

Array 76: ORIGINAL ARRAY [42, 1354, 16, 1990, 893, 1079, 0, 513, 98, 1265, ] AFTER HEAPSORT -> [1990, 1354, 1265, 42, 893, 1079, 0, 513, 98, 16, ]

Array 77: ORIGINAL ARRAY [1206, 745, 881, 707, 680, 746, 1954, 18, 135, 727, ] AFTER HEAPSORT -> [1954, 1206, 881, 707, 680, 746, 745, 18, 135, 727, ]

Array 78: ORIGINAL ARRAY [491, 1440, 444, 916, 1766, 1349, 333, 268, 1994, 1271, ] AFTER HEAPSORT -> [1994, 1766, 1271, 916, 1440, 1349, 333, 268, 444, 491, ]

Array 79: ORIGINAL ARRAY [115, 51, 399, 1167, 843, 1600, 665, 1849, 436, 880, ] AFTER HEAPSORT -> [1849, 1600, 880, 1167, 843, 51, 665, 399, 436, 115, ]

Array 80: ORIGINAL ARRAY [569, 1448, 972, 1872, 1811, 51, 1621, 266, 1848, 883, ] AFTER HEAPSORT -> [1872, 1811, 1848, 569, 1448, 51, 1621, 266, 972, 883, ]

Array 81: ORIGINAL ARRAY [1503, 448, 1886, 1657, 134, 372, 83, 131, 38, 508, ] AFTER HEAPSORT -> [1886, 448, 1503, 1657, 134, 372, 83, 131, 38, 508, ]

Array 82: ORIGINAL ARRAY [492, 1290, 654, 821, 311, 91, 680, 1446, 593, 1235, ] AFTER HEAPSORT -> [1446, 1290, 1235, 821, 311, 91, 680, 654, 593, 492, ]

Array 83: ORIGINAL ARRAY [1656, 593, 735, 54, 760, 1088, 775, 270, 1563, 927, ] AFTER HEAPSORT -> [1656, 1088, 1563, 54, 760, 593, 775, 270, 735, 927, ]

Array 84: ORIGINAL ARRAY [1835, 1125, 1774, 1218, 1850, 157, 911, 988, 1182, 807, ] AFTER HEAPSORT -> [1850, 1835, 1774, 1218, 1125, 157, 911, 988, 1182, 807, ]

Array 85: ORIGINAL ARRAY [259, 447, 642, 1903, 477, 548, 1019, 1110, 786, 898, ] AFTER HEAPSORT -> [1903, 1019, 1110, 259, 477, 548, 447, 642, 786, 898, ]

Array 86: ORIGINAL ARRAY [267, 446, 1804, 446, 199, 1089, 1757, 1751, 732, 886, ] AFTER HEAPSORT -> [1804, 1757, 1751, 446, 199, 1089, 446, 267, 732, 886, ]

Array 87: ORIGINAL ARRAY [1083, 82, 524, 1176, 1227, 1131, 171, 1892, 1826, 1700, ] AFTER HEAPSORT -> [1892, 1227, 1826, 1176, 82, 1131, 171, 524, 1083, 1700, ]

Array 88: ORIGINAL ARRAY [76, 1201, 417, 351, 1530, 433, 281, 1729, 603, 481, ] AFTER HEAPSORT -> [1729, 1530, 603, 351, 1201, 433, 281, 417, 76, 481, ]

Array 89: ORIGINAL ARRAY [1142, 1030, 44, 443, 30, 1918, 523, 855, 1820, 78, ] AFTER HEAPSORT -> [1918, 1142, 1820, 443, 30, 1030, 523, 855, 44, 78, ]

Array 90: ORIGINAL ARRAY [1297, 573, 722, 1556, 1634, 59, 1285, 66, 211, 659, ] AFTER HEAPSORT -> [1634, 1297, 722, 1556, 573, 59, 1285, 66, 211, 659, ]

Array 91: ORIGINAL ARRAY [382, 492, 79, 1309, 74, 986, 1768, 1019, 1234, 1258, ] AFTER HEAPSORT -> [1768, 986, 1258, 1309, 74, 382, 492, 1019, 1234, 79, ]

Array 92: ORIGINAL ARRAY [656, 1490, 1411, 1910, 790, 1248, 1505, 1019, 31, 820, ] AFTER HEAPSORT -> [1910, 1505, 1411, 656, 790, 1248, 1490, 1019, 31, 820, ]

Array 93: ORIGINAL ARRAY [552, 1546, 604, 1606, 125, 617, 923, 1385, 1715, 1221, ] AFTER HEAPSORT -> [1715, 1546, 1385, 1606, 125, 617, 923, 552, 604, 1221, ]

Array 94: ORIGINAL ARRAY [897, 661, 1799, 483, 1845, 418, 268, 273, 1603, 1302, ] AFTER HEAPSORT -> [1845, 897, 1799, 483, 661, 418, 268, 273, 1603, 1302, ]

Array 95: ORIGINAL ARRAY [370, 1648, 1456, 701, 391, 377, 114, 1763, 942, 630, ] AFTER HEAPSORT -> [1763, 1648, 1456, 701, 391, 377, 114, 370, 942, 630, ]

Array 96: ORIGINAL ARRAY [1100, 998, 883, 1808, 1668, 789, 1685, 1450, 1609, 1862, ] AFTER HEAPSORT -> [1862, 1685, 1609, 1808, 1668, 789, 998, 1450, 1100, 883, ]

Array 97: ORIGINAL ARRAY [335, 1149, 1205, 575, 784, 532, 929, 738, 1344, 445, ] AFTER HEAPSORT -> [1344, 1149, 1205, 575, 784, 532, 929, 738, 335, 445, ]

Array 98: ORIGINAL ARRAY [1532, 1613, 477, 746, 1642, 714, 1972, 327, 1103, 82, ] AFTER HEAPSORT -> [1972, 1642, 1103, 746, 1532, 714, 1613, 327, 477, 82, ]

Array 99: ORIGINAL ARRAY [611, 1356, 1969, 1828, 1153, 96, 1246, 904, 685, 1122, ] AFTER HEAPSORT -> [1969, 1356, 1122, 1828, 1153, 96, 1246, 904, 685, 611, ]

Array 100: ORIGINAL ARRAY [297, 292, 1221, 285, 1145, 115, 1801, 325, 1825, 1530, ] AFTER HEAPSORT -> [1825, 1801, 1530, 285, 1145, 115, 292, 325, 1221, 297, ]
END OF HEAPSORT

Average turnaround time for FIFO is 2761
Average turnaround time for SJF is 1560
Average turnaround time for RR with time slice 20 is 3764
Average turnaround time for RR with time slice 25 is 3275
Average turnaround time for RR with time slice 30 is 3798
Average turnaround time for RR with time slice 35 is 3210
Average turnaround time for RR with time slice 40 is 3544
Average turnaround time for RR with time slice 45 is 2850
Average turnaround time for RR with time slice 50 is 2729
Average turnaround time for RR with time slice 55 is 2871
Average turnaround time for RR with time slice 60 is 3475
Average turnaround time for RR with time slice 65 is 2813
Average turnaround time for RR with time slice 70 is 3093
Average turnaround time for RR with time slice 75 is 3053
Average turnaround time for RR with time slice 80 is 3020
Average turnaround time for RR with time slice 85 is 2596
Average turnaround time for RR with time slice 90 is 2753
